000010 011110 100110
010001 011100 111000
110111 011000 000100
101001 111110 000000
001111 111010 111100
001101 100100 011010
101011 100000 100110
110101 000110 100010
010011 000010 011110
011100 010001 011100
111010 010101 100000
100100 110011 100100
000010 110111 011000
000000 101001 111110
100110 101101 000010
111000 001011 000110
011110 001111 111010
001101 001101 100100
101011 001001 011000
110101 101111 011100
010011 101011 100000
010001 110101 000110
110111 110001 111010
101001 010111 111110
001111 010011 000010
101000 011000 101101
001110 011100 010001
010000 111010 010101
110110 111110 101001
110100 100000 001111
010010 100100 110011
001100 000010 110111
101010 000110 001011
111001 000100 010101