





000010011110100110
010001011100111000
110111011000000100
101001111110000000
001111111010111100
001101100100011010
101011100000100110
110101000110100010
010011000010011110
011100010001011100
111010010101100000
100100110011100100
000010110111011000
000000101001111110
100110101101000010
111000001011000110
011110001111111010
001101001101100100
101011001001011000
110101101111011100
010011101011100000
010001110101000110
110111110001111010
101001010111111110
001111010011000010
101000011000101101
001110011100010001
010000111010010101
110110111110101001
110100100000001111
010010100100110011
001100000010110111
101010000110001011
111001000100010101
